{
  "advancedEditorSelectedIdentifier" : "ProjectBrowser",
  "openSceneRelativePaths" : [
    "Scene.usda"
  ],
  "recentIdentifiers" : {
    "AF09ED6F-1707-48FD-8720-65B998362C09" : [

    ],
    "D66134B1-3681-4A8E-AFE5-29F257229F3B" : [

    ]
  },
  "sceneCameraHistory" : {
    "AF09ED6F-1707-48FD-8720-65B998362C09" : [
      {
        "date" : 765562205.829493,
        "title" : "Untitled",
        "transform" : [
          -0.25070095,
          -0.00012305491,
          0.96806455,
          0,
          0.773039,
          0.6019154,
          0.20027149,
          0,
          -0.5827176,
          0.7985599,
          -0.15080571,
          0,
          -6.311092,
          3.7884083,
          -0.79503745,
          1
        ]
      },
      {
        "date" : 765562128.87876,
        "title" : "Untitled",
        "transform" : [
          -0.25070095,
          -0.00012305491,
          0.96806455,
          0,
          0.773039,
          0.6019154,
          0.20027149,
          0,
          -0.5827176,
          0.7985599,
          -0.15080571,
          0,
          -9.707289,
          5.8270693,
          -1.2228721,
          1
        ]
      },
      {
        "date" : 765559789.211006,
        "title" : "Untitled",
        "transform" : [
          -0.25070095,
          -0.00012305491,
          0.96806455,
          0,
          0.773039,
          0.6019154,
          0.20027149,
          0,
          -0.5827176,
          0.7985599,
          -0.15080571,
          0,
          -0.24759638,
          0.14862667,
          -0.03119087,
          1
        ]
      },
      {
        "date" : 765559784.809709,
        "title" : "Untitled",
        "transform" : [
          -0.08124718,
          -0.00012305647,
          0.99669397,
          0,
          0.7235215,
          0.68777037,
          0.059064027,
          0,
          -0.68550384,
          0.7259283,
          -0.055790406,
          0,
          -0.14918555,
          0.010635951,
          -0.0039405786,
          1
        ]
      },
      {
        "date" : 765559775.59484,
        "title" : "Untitled",
        "transform" : [
          -0.08124718,
          -0.00012305647,
          0.99669397,
          0,
          0.7235215,
          0.68777037,
          0.059064027,
          0,
          -0.68550384,
          0.7259283,
          -0.055790406,
          0,
          -0.24036676,
          0.10719415,
          -0.011361454,
          1
        ]
      },
      {
        "date" : 765559691.732982,
        "title" : "Untitled",
        "transform" : [
          -0.08124727,
          -0.00012302074,
          0.99669397,
          0,
          0.7235216,
          0.6877703,
          0.059064023,
          0,
          -0.68550384,
          0.7259283,
          -0.055790447,
          0,
          -0.20114163,
          0.18987352,
          -0.01077516,
          1
        ]
      },
      {
        "date" : 765559685.16715,
        "title" : "Untitled",
        "transform" : [
          0.06596745,
          -0.00012302019,
          0.99782175,
          0,
          0.701416,
          0.7112478,
          -0.046283945,
          0,
          -0.70969284,
          0.7029413,
          0.047005497,
          0,
          -0.469738,
          0.31635836,
          -0.26032075,
          1
        ]
      },
      {
        "date" : 765559683.189755,
        "title" : "Untitled",
        "transform" : [
          -0.3082832,
          -0.0001230204,
          0.9512946,
          0,
          0.34042737,
          0.93376213,
          0.11044204,
          0,
          -0.8882965,
          0.35789415,
          -0.28782132,
          0,
          -0.55011845,
          0.1610701,
          -0.41100934,
          1
        ]
      },
      {
        "date" : 765559595.877105,
        "title" : "Untitled",
        "transform" : [
          -0.043954093,
          -0.0004415347,
          0.99903345,
          0,
          0.5405809,
          0.8409451,
          0.02415537,
          0,
          -0.8401431,
          0.54112023,
          -0.03672429,
          0,
          -0.49489215,
          0.21470511,
          -0.015541367,
          1
        ]
      },
      {
        "date" : 765559581.801978,
        "title" : "Untitled",
        "transform" : [
          -0.043954093,
          -0.0004415347,
          0.99903345,
          0,
          0.5405809,
          0.8409451,
          0.02415537,
          0,
          -0.8401431,
          0.54112023,
          -0.03672429,
          0,
          -1.0774364,
          0.5851487,
          -0.03383532,
          1
        ]
      }
    ],
    "D66134B1-3681-4A8E-AFE5-29F257229F3B" : [
      {
        "date" : 765633032.588669,
        "title" : "Untitled",
        "transform" : [
          -0.35646126,
          5.7139573e-09,
          0.93431014,
          0,
          0.75546515,
          0.58838516,
          0.28822774,
          0,
          -0.5497343,
          0.8085808,
          -0.20973663,
          0,
          -0.32213256,
          0.37582028,
          -0.0541502,
          1
        ]
      },
      {
        "date" : 765633014.351018,
        "title" : "Untitled",
        "transform" : [
          -0.35646126,
          5.7139573e-09,
          0.93431014,
          0,
          0.75546515,
          0.58838516,
          0.28822774,
          0,
          -0.5497343,
          0.8085808,
          -0.20973663,
          0,
          -0.662207,
          0.89615154,
          -0.20326893,
          1
        ]
      },
      {
        "date" : 765631708.194999,
        "title" : "Untitled",
        "transform" : [
          -0.35646126,
          5.7139573e-09,
          0.93431014,
          0,
          0.75546527,
          0.5883852,
          0.28822777,
          0,
          -0.5497343,
          0.8085808,
          -0.20973663,
          0,
          -0.11747596,
          0.35942066,
          -0.18193561,
          1
        ]
      },
      {
        "date" : 765631603.465169,
        "title" : "Untitled",
        "transform" : [
          -0.8564367,
          5.3239475e-09,
          0.5162521,
          0,
          0.3681392,
          0.7010627,
          0.6107248,
          0,
          -0.36192504,
          0.7130997,
          -0.6004159,
          0,
          -0.110074356,
          0.30336052,
          -0.4973297,
          1
        ]
      },
      {
        "date" : 765631404.477588,
        "title" : "Untitled",
        "transform" : [
          -0.8564367,
          5.3239475e-09,
          0.5162521,
          0,
          0.3681392,
          0.7010627,
          0.6107248,
          0,
          -0.36192504,
          0.7130997,
          -0.6004159,
          0,
          -0.45615086,
          0.7556252,
          -0.8575475,
          1
        ]
      },
      {
        "date" : 765629954.813249,
        "title" : "Untitled",
        "transform" : [
          -0.02671919,
          6.733507e-09,
          0.999643,
          0,
          0.9419503,
          0.33480698,
          0.02517713,
          0,
          -0.3346875,
          0.9422868,
          -0.008945815,
          0,
          -0.16247927,
          0.55543673,
          -0.1914526,
          1
        ]
      },
      {
        "date" : 765629945.278139,
        "title" : "Untitled",
        "transform" : [
          -0.02671919,
          6.733507e-09,
          0.999643,
          0,
          0.9419503,
          0.33480698,
          0.02517713,
          0,
          -0.3346875,
          0.9422868,
          -0.008945815,
          0,
          -0.0483682,
          0.597943,
          0.016637713,
          1
        ]
      },
      {
        "date" : 765629449.935924,
        "title" : "Untitled",
        "transform" : [
          -0.02671919,
          6.733507e-09,
          0.999643,
          0,
          0.9419503,
          0.33480698,
          0.02517713,
          0,
          -0.3346875,
          0.9422868,
          -0.008945815,
          0,
          -0.20811987,
          0.44129923,
          -0.021501532,
          1
        ]
      },
      {
        "date" : 765629394.201289,
        "title" : "Untitled",
        "transform" : [
          -0.02671919,
          6.733507e-09,
          0.999643,
          0,
          0.9419503,
          0.33480698,
          0.02517713,
          0,
          -0.3346875,
          0.9422868,
          -0.008945815,
          0,
          -0.20758665,
          0.43979797,
          -0.02148728,
          1
        ]
      },
      {
        "date" : 765629132.788238,
        "title" : "Untitled",
        "transform" : [
          -0.02671919,
          6.733507e-09,
          0.999643,
          0,
          0.9419503,
          0.33480698,
          0.02517713,
          0,
          -0.3346875,
          0.9422868,
          -0.008945815,
          0,
          -0.02823288,
          0.40844512,
          0.045492902,
          1
        ]
      }
    ]
  },
  "sceneViewportBackgroundColors" : {

  },
  "selectedSceneRelativePath" : "Scene.usda"
}